1700871
1827408
11148764
12377258
2314372
1996777
21474618
1700830
1700944
9793511
23316186
23568642
2314400
3314131
9701281
11067734
10106341
23099404
23046102
23082374
8692181
16997398
23364444
16519876
24171078
13623518
10410606
2232086
16407468
13744632
1894413
21775714
12816840
23853750
10188425
21920134
23083554
12121572
8426407
10565566
23359820
2340648
13345252
21920292
23359798
9334649
18766880
8923841
23466926
13621194
11551930
21389362
23467016
1824340
11999500
23046082
1700831
1708419
11551882
21775754
10410520
16996696
17860934
21389498
8683789
13621462
12561264
21389378
8683791
14804268
1700951
23046112
1967371
10938758
1411086
23316720
21389440
2275365
22999138
23316726
21389442
21422908
23209706
18515498
21389374
16997528
1427964
22685584
1714054
12707638
2033074
1222322
18651302
13278374
10410420
18565272
21389558
11278636
22679932
21920254
19615038
8599779
22991024
10890962
21916374
1708418
13064358
2378361
21920268
9329737
17026556
2314428
21601008
23571606
19244960
2314451
21920278
23099410
21389354
23107976
20286922
12117246
10067059
11036386
18460344
13622286
19068780
22149358
18962798
18046516
16519834
23225636
23092326
2499315
8426367
2263561
17598754
12118604
20286926
11691648
10891018
12504326
20286816
15681348
3084800
